


-------------------------------------------------
start time            : Mon Mar 30 12:38:38 2020
working directory     : /labs/Wegrzyn/Juniper_Pine/RNAQuast/Trinity_results/tmp/trinity_JF1J_index4.Trinity_GeneMarkS-T
command line          : /labs/Wegrzyn/Juniper_Pine/Assembly/trinity_JF1J_index4.Trinity.fasta --output /labs/Wegrzyn/Juniper_Pine/RNAQuast/Trinity_results/tmp/trinity_JF1J_index4.Trinity_GeneMarkS-T/trinity_JF1J_index4.Trinity.fasta.lst
output file with predictions : /labs/Wegrzyn/Juniper_Pine/RNAQuast/Trinity_results/tmp/trinity_JF1J_index4.Trinity_GeneMarkS-T/trinity_JF1J_index4.Trinity.fasta.lst
input sequence        : /labs/Wegrzyn/Juniper_Pine/Assembly/trinity_JF1J_index4.Trinity.fasta
number of bins        : 0
filter                : 1
strand                : both
markov chain order    : cod = 4, non = 2
genetic code          : 1
search for motif      : 1
motif width           : 12
prestart length       : 6
fixed motif position  : 1
off overlap           : 1
identity threshold    : 0.99
maximum iteration     : 10
gene overlap off      : 1
strand to predict on  : both
GeneMarkS parameters  : /isg/shared/apps/GeneMarkS-T/5.1/par_1.default
initial hmm model     : 
output format         : LST
output nucleotides    : 
output proteins       : 
gibbs_version         : 3

         run starts here:
prepare sequence
/isg/shared/apps/GeneMarkS-T/5.1/probuild --par /isg/shared/apps/GeneMarkS-T/5.1/par_1.default --clean_join sequence --seq /labs/Wegrzyn/Juniper_Pine/Assembly/trinity_JF1J_index4.Trinity.fasta --log gms.log
Clean-Join      IN   OUT
Contigs - 123905 4790
All letters - 59310167   6526784
Unambiguous letters - 59310167 6287334
A - 17669327 1820803
C - 12306529 1386468
G - 11853927 1272993
T - 17480384 1807070
N - 0 0
Parameters:
  Minimum of unambiguous letters per record: 1000
  Trim down substrings "N...N" to maximum length: 50
  Connect records using gap filler: NNNNNNNNNNNNNNNNNNNNNNNNNNNNNNNNNNNNNNNNNNNNNNNNNN
  Minimum of unambiguous letters in output: 50000
system call done
do_iterations = 1
/isg/shared/apps/GeneMarkS-T/5.1/probuild --par /isg/shared/apps/GeneMarkS-T/5.1/par_1.default --stat_fasta --seq /labs/Wegrzyn/Juniper_Pine/Assembly/trinity_JF1J_index4.Trinity.fasta > initial.meta.lst.feature 
system call done
min_GC=22  max_GC=62 total_seq_length=59310167
(39)->(22543747)
(41)->(33364628)
(43)->(44339066)
bin number = 3
GC range = 22,39,43,62
prepare sequence
/isg/shared/apps/GeneMarkS-T/5.1/probuild --par /isg/shared/apps/GeneMarkS-T/5.1/par_1.default --clean_join sequence --seq seq_bin_1 --log gms.log
Clean-Join      IN   OUT
Contigs - 52519 850
All letters - 22543747   1141548
Unambiguous letters - 22543747 1099098
A - 7255913 352853
C - 4128460 211519
G - 4057946 195716
T - 7101428 339010
N - 0 0
Parameters:
  Minimum of unambiguous letters per record: 1000
  Trim down substrings "N...N" to maximum length: 50
  Connect records using gap filler: NNNNNNNNNNNNNNNNNNNNNNNNNNNNNNNNNNNNNNNNNNNNNNNNNN
  Minimum of unambiguous letters in output: 50000
system call done
do_iterations = 1
run initial prediction
/isg/shared/apps/GeneMarkS-T/5.1/gmhmmp -p 0  sequence  -m /isg/shared/apps/GeneMarkS-T/5.1/MetaGeneMark_v1.mod  -o itr_0.lst
system call done
entering iteration loop
build model: itr_1.mod for iteration: 1
/isg/shared/apps/GeneMarkS-T/5.1/probuild --par /isg/shared/apps/GeneMarkS-T/5.1/par_1.default --mkmod itr_1.mod --seq sequence --geneset itr_0.lst --ORDM 4 --order_non 2 --revcomp_non 1 --fixmotif --PRE_START_WIDTH 6 --width 12 --log gms.log
Pos   A   C   G   T
1 0.293 0.149 0.206 0.352
2 0.328 0.161 0.245 0.266
3 0.337 0.167 0.134 0.361
4 0.352 0.125 0.206 0.316
5 0.307 0.200 0.152 0.340
6 0.236 0.191 0.176 0.397

7 0.684 0.003 0.155 0.158
8 0.003 0.003 0.003 0.991
9 0.003 0.003 0.991 0.003

10 0.287 0.137 0.275 0.301
11 0.325 0.257 0.209 0.209
12 0.290 0.113 0.170 0.427

system call done
prediction, iteration: 1
/isg/shared/apps/GeneMarkS-T/5.1/gmhmmp -p 0  sequence  -m itr_1.mod  -o itr_1.lst -r
system call done
compare:
/isg/shared/apps/GeneMarkS-T/5.1/probuild --par /isg/shared/apps/GeneMarkS-T/5.1/par_1.default --compare --source itr_1.lst --target itr_0.lst
compare itr_0.lst and itr_1.lst: 0.5189
build model: itr_2.mod for iteration: 2
/isg/shared/apps/GeneMarkS-T/5.1/probuild --par /isg/shared/apps/GeneMarkS-T/5.1/par_1.default --mkmod itr_2.mod --seq sequence --geneset itr_1.lst --ORDM 4 --order_non 2 --revcomp_non 1 --fixmotif --PRE_START_WIDTH 6 --width 12 --log gms.log
Pos   A   C   G   T
1 0.256 0.184 0.275 0.285
2 0.340 0.172 0.233 0.256
3 0.356 0.175 0.133 0.337
4 0.392 0.107 0.233 0.269
5 0.350 0.172 0.172 0.307
6 0.278 0.175 0.223 0.324

7 0.990 0.003 0.003 0.003
8 0.003 0.003 0.003 0.990
9 0.003 0.003 0.990 0.003

10 0.278 0.120 0.265 0.337
11 0.337 0.288 0.184 0.191
12 0.227 0.142 0.152 0.479

system call done
prediction, iteration: 2
/isg/shared/apps/GeneMarkS-T/5.1/gmhmmp -p 0  sequence  -m itr_2.mod  -o itr_2.lst -r
system call done
compare:
/isg/shared/apps/GeneMarkS-T/5.1/probuild --par /isg/shared/apps/GeneMarkS-T/5.1/par_1.default --compare --source itr_2.lst --target itr_1.lst
compare itr_1.lst and itr_2.lst: 0.9589
build model: itr_3.mod for iteration: 3
/isg/shared/apps/GeneMarkS-T/5.1/probuild --par /isg/shared/apps/GeneMarkS-T/5.1/par_1.default --mkmod itr_3.mod --seq sequence --geneset itr_2.lst --ORDM 4 --order_non 2 --revcomp_non 1 --fixmotif --PRE_START_WIDTH 6 --width 12 --log gms.log
Pos   A   C   G   T
1 0.240 0.182 0.286 0.292
2 0.347 0.179 0.221 0.253
3 0.377 0.179 0.136 0.308
4 0.409 0.094 0.234 0.263
5 0.341 0.179 0.169 0.312
6 0.308 0.175 0.227 0.289

7 0.990 0.003 0.003 0.003
8 0.003 0.003 0.003 0.990
9 0.003 0.003 0.990 0.003

10 0.263 0.104 0.269 0.364
11 0.341 0.299 0.179 0.182
12 0.205 0.162 0.149 0.484

system call done
prediction, iteration: 3
/isg/shared/apps/GeneMarkS-T/5.1/gmhmmp -p 0  sequence  -m itr_3.mod  -o itr_3.lst -r
system call done
compare:
/isg/shared/apps/GeneMarkS-T/5.1/probuild --par /isg/shared/apps/GeneMarkS-T/5.1/par_1.default --compare --source itr_3.lst --target itr_2.lst
compare itr_2.lst and itr_3.lst: 0.9884
build model: itr_4.mod for iteration: 4
/isg/shared/apps/GeneMarkS-T/5.1/probuild --par /isg/shared/apps/GeneMarkS-T/5.1/par_1.default --mkmod itr_4.mod --seq sequence --geneset itr_3.lst --ORDM 4 --order_non 2 --revcomp_non 1 --fixmotif --PRE_START_WIDTH 6 --width 12 --log gms.log
Pos   A   C   G   T
1 0.239 0.181 0.290 0.290
2 0.352 0.181 0.219 0.248
3 0.381 0.177 0.139 0.303
4 0.406 0.094 0.235 0.265
5 0.339 0.184 0.171 0.306
6 0.310 0.177 0.223 0.290

7 0.990 0.003 0.003 0.003
8 0.003 0.003 0.003 0.990
9 0.003 0.003 0.990 0.003

10 0.268 0.103 0.265 0.365
11 0.339 0.300 0.181 0.181
12 0.203 0.165 0.148 0.484

system call done
prediction, iteration: 4
/isg/shared/apps/GeneMarkS-T/5.1/gmhmmp -p 0  sequence  -m itr_4.mod  -o itr_4.lst -r
system call done
compare:
/isg/shared/apps/GeneMarkS-T/5.1/probuild --par /isg/shared/apps/GeneMarkS-T/5.1/par_1.default --compare --source itr_4.lst --target itr_3.lst
compare itr_3.lst and itr_4.lst: 0.9985
Stopped iterations on identity: 0.9985
create: seq_bin_1.mod
cp itr_4.mod seq_bin_1.mod
system call done
prepare sequence
/isg/shared/apps/GeneMarkS-T/5.1/probuild --par /isg/shared/apps/GeneMarkS-T/5.1/par_1.default --clean_join sequence --seq seq_bin_2 --log gms.log
Clean-Join      IN   OUT
Contigs - 42360 2334
All letters - 21795319   3181638
Unambiguous letters - 21795319 3064988
A - 6388997 893773
C - 4639925 668249
G - 4406682 609186
T - 6359715 893780
N - 0 0
Parameters:
  Minimum of unambiguous letters per record: 1000
  Trim down substrings "N...N" to maximum length: 50
  Connect records using gap filler: NNNNNNNNNNNNNNNNNNNNNNNNNNNNNNNNNNNNNNNNNNNNNNNNNN
  Minimum of unambiguous letters in output: 50000
system call done
do_iterations = 1
run initial prediction
/isg/shared/apps/GeneMarkS-T/5.1/gmhmmp -p 0  sequence  -m /isg/shared/apps/GeneMarkS-T/5.1/MetaGeneMark_v1.mod  -o itr_0.lst
system call done
entering iteration loop
build model: itr_1.mod for iteration: 1
/isg/shared/apps/GeneMarkS-T/5.1/probuild --par /isg/shared/apps/GeneMarkS-T/5.1/par_1.default --mkmod itr_1.mod --seq sequence --geneset itr_0.lst --ORDM 4 --order_non 2 --revcomp_non 1 --fixmotif --PRE_START_WIDTH 6 --width 12 --log gms.log
Pos   A   C   G   T
1 0.320 0.176 0.243 0.261
2 0.343 0.200 0.195 0.263
3 0.276 0.178 0.197 0.349
4 0.347 0.186 0.209 0.258
5 0.348 0.224 0.192 0.235
6 0.335 0.182 0.191 0.291

7 0.702 0.001 0.157 0.140
8 0.001 0.001 0.001 0.998
9 0.001 0.001 0.998 0.001

10 0.252 0.145 0.444 0.158
11 0.363 0.278 0.141 0.219
12 0.283 0.170 0.237 0.310

system call done
prediction, iteration: 1
/isg/shared/apps/GeneMarkS-T/5.1/gmhmmp -p 0  sequence  -m itr_1.mod  -o itr_1.lst -r
system call done
compare:
/isg/shared/apps/GeneMarkS-T/5.1/probuild --par /isg/shared/apps/GeneMarkS-T/5.1/par_1.default --compare --source itr_1.lst --target itr_0.lst
compare itr_0.lst and itr_1.lst: 0.5774
build model: itr_2.mod for iteration: 2
/isg/shared/apps/GeneMarkS-T/5.1/probuild --par /isg/shared/apps/GeneMarkS-T/5.1/par_1.default --mkmod itr_2.mod --seq sequence --geneset itr_1.lst --ORDM 4 --order_non 2 --revcomp_non 1 --fixmotif --PRE_START_WIDTH 6 --width 12 --log gms.log
Pos   A   C   G   T
1 0.300 0.147 0.289 0.265
2 0.316 0.193 0.205 0.286
3 0.317 0.176 0.197 0.310
4 0.355 0.168 0.234 0.242
5 0.388 0.195 0.167 0.250
6 0.385 0.203 0.205 0.207

7 0.998 0.001 0.001 0.001
8 0.001 0.001 0.001 0.998
9 0.001 0.001 0.998 0.001

10 0.223 0.165 0.485 0.127
11 0.352 0.306 0.154 0.188
12 0.288 0.161 0.246 0.305

system call done
prediction, iteration: 2
/isg/shared/apps/GeneMarkS-T/5.1/gmhmmp -p 0  sequence  -m itr_2.mod  -o itr_2.lst -r
system call done
compare:
/isg/shared/apps/GeneMarkS-T/5.1/probuild --par /isg/shared/apps/GeneMarkS-T/5.1/par_1.default --compare --source itr_2.lst --target itr_1.lst
compare itr_1.lst and itr_2.lst: 0.9695
build model: itr_3.mod for iteration: 3
/isg/shared/apps/GeneMarkS-T/5.1/probuild --par /isg/shared/apps/GeneMarkS-T/5.1/par_1.default --mkmod itr_3.mod --seq sequence --geneset itr_2.lst --ORDM 4 --order_non 2 --revcomp_non 1 --fixmotif --PRE_START_WIDTH 6 --width 12 --log gms.log
Pos   A   C   G   T
1 0.292 0.146 0.302 0.260
2 0.308 0.194 0.208 0.290
3 0.327 0.175 0.199 0.299
4 0.364 0.164 0.237 0.235
5 0.388 0.194 0.167 0.252
6 0.393 0.203 0.212 0.192

7 0.998 0.001 0.001 0.001
8 0.001 0.001 0.001 0.998
9 0.001 0.001 0.998 0.001

10 0.217 0.166 0.501 0.116
11 0.347 0.314 0.161 0.178
12 0.287 0.161 0.244 0.308

system call done
prediction, iteration: 3
/isg/shared/apps/GeneMarkS-T/5.1/gmhmmp -p 0  sequence  -m itr_3.mod  -o itr_3.lst -r
system call done
compare:
/isg/shared/apps/GeneMarkS-T/5.1/probuild --par /isg/shared/apps/GeneMarkS-T/5.1/par_1.default --compare --source itr_3.lst --target itr_2.lst
compare itr_2.lst and itr_3.lst: 0.9973
Stopped iterations on identity: 0.9973
create: seq_bin_2.mod
cp itr_3.mod seq_bin_2.mod
system call done
prepare sequence
/isg/shared/apps/GeneMarkS-T/5.1/probuild --par /isg/shared/apps/GeneMarkS-T/5.1/par_1.default --clean_join sequence --seq seq_bin_3 --log gms.log
Clean-Join      IN   OUT
Contigs - 29026 1606
All letters - 14971101   2203498
Unambiguous letters - 14971101 2123248
A - 4024417 574177
C - 3538144 506700
G - 3389299 468091
T - 4019241 574280
N - 0 0
Parameters:
  Minimum of unambiguous letters per record: 1000
  Trim down substrings "N...N" to maximum length: 50
  Connect records using gap filler: NNNNNNNNNNNNNNNNNNNNNNNNNNNNNNNNNNNNNNNNNNNNNNNNNN
  Minimum of unambiguous letters in output: 50000
system call done
do_iterations = 1
run initial prediction
/isg/shared/apps/GeneMarkS-T/5.1/gmhmmp -p 0  sequence  -m /isg/shared/apps/GeneMarkS-T/5.1/MetaGeneMark_v1.mod  -o itr_0.lst
system call done
entering iteration loop
build model: itr_1.mod for iteration: 1
/isg/shared/apps/GeneMarkS-T/5.1/probuild --par /isg/shared/apps/GeneMarkS-T/5.1/par_1.default --mkmod itr_1.mod --seq sequence --geneset itr_0.lst --ORDM 4 --order_non 2 --revcomp_non 1 --fixmotif --PRE_START_WIDTH 6 --width 12 --log gms.log
Pos   A   C   G   T
1 0.250 0.205 0.273 0.272
2 0.276 0.257 0.175 0.293
3 0.317 0.162 0.240 0.280
4 0.350 0.159 0.267 0.224
5 0.290 0.299 0.175 0.236
6 0.305 0.223 0.199 0.273

7 0.686 0.001 0.185 0.128
8 0.001 0.001 0.001 0.997
9 0.001 0.001 0.997 0.001

10 0.243 0.153 0.466 0.138
11 0.326 0.294 0.155 0.226
12 0.235 0.173 0.260 0.332

system call done
prediction, iteration: 1
/isg/shared/apps/GeneMarkS-T/5.1/gmhmmp -p 0  sequence  -m itr_1.mod  -o itr_1.lst -r
system call done
compare:
/isg/shared/apps/GeneMarkS-T/5.1/probuild --par /isg/shared/apps/GeneMarkS-T/5.1/par_1.default --compare --source itr_1.lst --target itr_0.lst
compare itr_0.lst and itr_1.lst: 0.5307
build model: itr_2.mod for iteration: 2
/isg/shared/apps/GeneMarkS-T/5.1/probuild --par /isg/shared/apps/GeneMarkS-T/5.1/par_1.default --mkmod itr_2.mod --seq sequence --geneset itr_1.lst --ORDM 4 --order_non 2 --revcomp_non 1 --fixmotif --PRE_START_WIDTH 6 --width 12 --log gms.log
Pos   A   C   G   T
1 0.233 0.149 0.358 0.260
2 0.288 0.261 0.162 0.289
3 0.335 0.146 0.261 0.258
4 0.379 0.121 0.301 0.199
5 0.323 0.294 0.154 0.229
6 0.351 0.250 0.205 0.194

7 0.997 0.001 0.001 0.001
8 0.001 0.001 0.001 0.997
9 0.001 0.001 0.997 0.001

10 0.207 0.127 0.525 0.140
11 0.325 0.355 0.124 0.196
12 0.212 0.169 0.285 0.334

system call done
prediction, iteration: 2
/isg/shared/apps/GeneMarkS-T/5.1/gmhmmp -p 0  sequence  -m itr_2.mod  -o itr_2.lst -r
system call done
compare:
/isg/shared/apps/GeneMarkS-T/5.1/probuild --par /isg/shared/apps/GeneMarkS-T/5.1/par_1.default --compare --source itr_2.lst --target itr_1.lst
compare itr_1.lst and itr_2.lst: 0.9595
build model: itr_3.mod for iteration: 3
/isg/shared/apps/GeneMarkS-T/5.1/probuild --par /isg/shared/apps/GeneMarkS-T/5.1/par_1.default --mkmod itr_3.mod --seq sequence --geneset itr_2.lst --ORDM 4 --order_non 2 --revcomp_non 1 --fixmotif --PRE_START_WIDTH 6 --width 12 --log gms.log
Pos   A   C   G   T
1 0.238 0.131 0.373 0.258
2 0.289 0.259 0.165 0.287
3 0.348 0.136 0.273 0.243
4 0.387 0.107 0.315 0.191
5 0.336 0.286 0.151 0.227
6 0.348 0.250 0.212 0.191

7 0.997 0.001 0.001 0.001
8 0.001 0.001 0.001 0.997
9 0.001 0.001 0.997 0.001

10 0.201 0.114 0.543 0.141
11 0.326 0.351 0.131 0.192
12 0.200 0.162 0.294 0.344

system call done
prediction, iteration: 3
/isg/shared/apps/GeneMarkS-T/5.1/gmhmmp -p 0  sequence  -m itr_3.mod  -o itr_3.lst -r
system call done
compare:
/isg/shared/apps/GeneMarkS-T/5.1/probuild --par /isg/shared/apps/GeneMarkS-T/5.1/par_1.default --compare --source itr_3.lst --target itr_2.lst
compare itr_2.lst and itr_3.lst: 0.9803
build model: itr_4.mod for iteration: 4
/isg/shared/apps/GeneMarkS-T/5.1/probuild --par /isg/shared/apps/GeneMarkS-T/5.1/par_1.default --mkmod itr_4.mod --seq sequence --geneset itr_3.lst --ORDM 4 --order_non 2 --revcomp_non 1 --fixmotif --PRE_START_WIDTH 6 --width 12 --log gms.log
Pos   A   C   G   T
1 0.242 0.127 0.375 0.256
2 0.292 0.253 0.176 0.279
3 0.343 0.132 0.287 0.238
4 0.395 0.099 0.319 0.187
5 0.330 0.285 0.152 0.233
6 0.346 0.256 0.210 0.188

7 0.997 0.001 0.001 0.001
8 0.001 0.001 0.001 0.997
9 0.001 0.001 0.997 0.001

10 0.196 0.107 0.545 0.152
11 0.319 0.356 0.133 0.192
12 0.201 0.155 0.291 0.353

system call done
prediction, iteration: 4
/isg/shared/apps/GeneMarkS-T/5.1/gmhmmp -p 0  sequence  -m itr_4.mod  -o itr_4.lst -r
system call done
compare:
/isg/shared/apps/GeneMarkS-T/5.1/probuild --par /isg/shared/apps/GeneMarkS-T/5.1/par_1.default --compare --source itr_4.lst --target itr_3.lst
compare itr_3.lst and itr_4.lst: 0.9912
Stopped iterations on identity: 0.9912
create: seq_bin_3.mod
cp itr_4.mod seq_bin_3.mod
system call done
output: GeneMark_hmm.mod
cp final_model GeneMark_hmm.mod
system call done
predict genes using native model with motif
/isg/shared/apps/GeneMarkS-T/5.1/gmhmmp -p 0 -b  -r -m GeneMark_hmm.mod -o /labs/Wegrzyn/Juniper_Pine/RNAQuast/Trinity_results/tmp/trinity_JF1J_index4.Trinity_GeneMarkS-T/trinity_JF1J_index4.Trinity.fasta.lst  /labs/Wegrzyn/Juniper_Pine/Assembly/trinity_JF1J_index4.Trinity.fasta
system call done
rm -f sequence initial.meta.lst initial.meta.lst.fna initial.meta.lst.feature sequence itr_0.lst itr_1.mod itr_1.lst itr_2.mod itr_2.lst itr_3.mod itr_3.lst itr_4.mod itr_4.lst sequence itr_0.lst itr_1.mod itr_1.lst itr_2.mod itr_2.lst itr_3.mod itr_3.lst sequence itr_0.lst itr_1.mod itr_1.lst itr_2.mod itr_2.lst itr_3.mod itr_3.lst itr_4.mod itr_4.lst final_model with_seq.out
system call done
End: Mon Mar 30 12:47:41 2020

